1：[148.32 ,-60,0 ]
2：[116.03, -25, 0]
3：[116.03, 25, 0]
4：[148.32, 60, 0]
5：[158.03, -25, 0]
6：[158.03, 25, 0]
7：[200.03, -25, 0]
8：[200.03, 25, 0]

[148.32 ,-60,0 ], [116.03, -25, 0], [116.03, 25, 0], [148.32, 60, 0],
[158.03, -25, 0], [158.03, 25, 0], [200.03, -25, 0], [200.03, 25, 0]
---------2-------3---------->X
            |
      1     |      4
            |
      5     |      6
            |
      7     |      8
            V
            Y

object_3D_points = np.array(([0, 23, 0], [23, 0, 0], [58, 0, 0], [81, 23, 0],
                             [23, 29, 0], [58, 29, 0], [23, 58, 0], [58, 58, 0]),
                            dtype=np.double)

object_3D_points = np.array(([-60, 148.32 ,0 ], [-25, 116.03, 0], [25, 116.03, 0], [60, 148.32, 0],
                             [-25, 158.03, 0], [25, 158.03, 0], [-25, 200.03, 0], [25, 200.03, 0]),
                            dtype=np.double)    # 世界坐标系上的坐标